Data.edges = [
         1, 2, 1;
         2, 3, 1;
         3, 4, 1;
         4, 5, 1;
         5, 6, 1;
         6, 7, 1;
         7, 8, 1;
         8, 9, 1;
         9,10, 1;
        10,11, 1;
         3,12, 1; 
        12,13, 1; 
        13,14, 1; 
        14,15, 1; 
        15,16, 1; 
        16, 8, 1; 
];

Data.weights = ones(16,1);
Data.weights(8) = 5;

Data.anchors = [inf*ones(16,2)];
Data.anchors([1,6,11],:) = [0,0; 4,0; 8,0];
